0.800000
0.800000
0.800000
0.800000
0.800000
0.800000
0.800000
0.800000
0.800000
0.800000
0.800000
0.800000
0.800000
0.800000
0.800000
0.800000
0.800000
0.800000
0.800000
0.800000
0.800000
0.800000
0.800000
0.800000
0.800000
0.800000
0.800000
0.800000
0.800000
0.800000
0.800000
0.800000
0.800000
0.800000
0.800000
0.800000
0.800000
0.800000
0.800000
0.800000
0.800000
0.800000
0.800000
0.800000
0.800000
0.800000
0.800000
0.800000
0.800000
0.800000
0.800000
0.800000
0.800000
0.800000
0.800000
0.800000
0.800000
0.800000
0.800000
0.800000
0.800000
0.800000
0.800000
0.800000
0.800000
0.800000
0.800000
0.800000
0.800000
0.800000
0.800000
0.800000
0.800000
0.800000
0.800000
0.800000
0.800000
0.800000
0.800000
0.800000
0.800000
0.800000
0.800000
0.800000
0.800000
0.800000
0.800000
0.800000
0.800000
0.800000
0.800000
0.800000
0.800000
0.800000
0.800000
0.800000
0.800000
0.800000
0.800000
0.800000
0.800000
0.800000
0.800000
0.800000
0.800000
0.800000
0.800000
0.800000
0.800000
0.800000
0.800000
0.800000
0.800000
0.800000
0.800000
0.800000
0.800000
0.800000
0.800000
0.800000
0.800000
0.800000
0.800000
0.800000
0.800000
0.800000
0.800000
0.800000
0.800000
0.800000
0.800000
0.800000
0.800000
0.800000
0.800000
0.800000
0.800000
0.800000
0.800000
0.800000
0.800000
0.800000
0.800000
0.800000
0.800000
0.800000
0.800000
0.800000
0.800000
0.800000
0.800000
0.800000
0.800000
0.800000
0.800000
0.800000
0.800000
0.800000
0.800000
0.800000
0.800000
0.800000
0.800000
0.800000
0.800000
0.800000
0.800000
0.800000
0.800000
0.800000
0.800000
0.800000
0.800000
0.800000
0.800000
0.800000
0.800000
0.800000
0.800000
0.800000
0.800000
0.800000
0.800000
0.800000
0.800000
0.800000
0.800000
0.800000
0.800000
0.800000
0.800000
0.800000
0.800000
0.800000
0.800000
0.800000
0.800000
0.800000
0.800000
0.800000
0.800000
0.800000
0.800000
0.800000
0.800000
0.800000
0.800000
0.800000
0.800000
0.800000
0.800000
0.800000
0.800000
0.800000
0.800000
0.800000
0.800000
0.800000
0.800000
0.800000
0.800000
0.800000
0.800000
0.800000
0.800000
0.800000
0.800000
0.800000
0.800000
0.800000
0.800000
0.800000
0.800000
0.800000
0.800000
0.800000
0.800000
0.800000
0.800000
0.800000
0.800000
0.800000
0.800000
0.800000
0.800000
0.800000
0.800000
0.800000
0.800000
0.800000
0.800000
0.800000
0.800000
0.800000
0.800000
0.800000
0.800000
0.800000
0.800000
0.800000
0.800000
0.800000
0.800000
0.800000
0.800000
0.800000
0.800000
0.800000
0.800000
0.800000
0.800000
0.800000
0.800000
0.800000
0.800000
0.800000
0.800784
0.801569
0.802353
0.803137
0.803922
0.804706
0.805490
0.806275
0.807059
0.807843
0.808627
0.809412
0.810196
0.810980
0.811765
0.812549
0.813333
0.814118
0.814902
0.815686
0.816471
0.817255
0.818039
0.818824
0.819608
0.820392
0.821176
0.821961
0.822745
0.823529
0.824314
0.825098
0.825882
0.826667
0.827451
0.828235
0.829020
0.829804
0.830588
0.831373
0.832157
0.832941
0.833725
0.834510
0.835294
0.836078
0.836863
0.837647
0.838431
0.839216
0.840000
0.840784
0.841569
0.842353
0.843137
0.843922
0.844706
0.845490
0.846275
0.847059
0.847843
0.848627
0.849412
0.850196
0.850980
0.851765
0.852549
0.853333
0.854118
0.854902
0.855686
0.856471
0.857255
0.858039
0.858824
0.859608
0.860392
0.861176
0.861961
0.862745
0.863529
0.864314
0.865098
0.865882
0.866667
0.867451
0.868235
0.869020
0.869804
0.870588
0.871373
0.872157
0.872941
0.873725
0.874510
0.875294
0.876078
0.876863
0.877647
0.878431
0.879216
0.880000
0.880784
0.881569
0.882353
0.883137
0.883922
0.884706
0.885490
0.886275
0.887059
0.887843
0.888627
0.889412
0.890196
0.890980
0.891765
0.892549
0.893333
0.894118
0.894902
0.895686
0.896471
0.897255
0.898039
0.898824
0.899608
0.900392
0.901176
0.901961
0.902745
0.903529
0.904314
0.905098
0.905882
0.906667
0.907451
0.908235
0.909020
0.909804
0.910588
0.911373
0.912157
0.912941
0.913725
0.914510
0.915294
0.916078
0.916863
0.917647
0.918431
0.919216
0.920000
0.920784
0.921569
0.922353
0.923137
0.923922
0.924706
0.925490
0.926275
0.927059
0.927843
0.928627
0.929412
0.930196
0.930980
0.931765
0.932549
0.933333
0.934118
0.934902
0.935686
0.936471
0.937255
0.938039
0.938824
0.939608
0.940392
0.941176
0.941961
0.942745
0.943529
0.944314
0.945098
0.945882
0.946667
0.947451
0.948235
0.949020
0.949804
0.950588
0.951373
0.952157
0.952941
0.953725
0.954510
0.955294
0.956078
0.956863
0.957647
0.958431
0.959216
0.960000
0.960000
0.959852
0.959703
0.959555
0.959406
0.959258
0.959109
0.958961
0.958813
0.958664
0.958516
0.958367
0.958219
0.958071
0.957922
0.957774
0.957625
0.957477
0.957328
0.957180
0.957032
0.956883
0.956735
0.956586
0.956438
0.956289
0.956141
0.955993
0.955844
0.955696
0.955547
0.955399
0.955250
0.955102
0.954954
0.954805
0.954657
0.954508
0.954360
0.954212
0.954063
0.953915
0.953766
0.953618
0.953469
0.953321
0.953173
0.953024
0.952876
0.952727
0.952579
0.952430
0.952282
0.952134
0.951985
0.951837
0.951688
0.951540
0.951391
0.951243
0.951095
0.950946
0.950798
0.950649
0.950501
0.950353
0.950204
0.950056
0.949907
0.949759
0.949610
0.949462
0.949314
0.949165
0.949017
0.948868
0.948720
0.948571
0.948423
0.948275
0.948126
0.947978
0.947829
0.947681
0.947532
0.947384
0.947236
0.947087
0.946939
0.946790
0.946642
0.946494
0.946345
0.946197
0.946048
0.945900
0.945751
0.945603
0.945455
0.945306
0.945158
0.945009
0.944861
0.944712
0.944564
0.944416
0.944267
0.944119
0.943970
0.943822
0.943673
0.943525
0.943377
0.943228
0.943080
0.942931
0.942783
0.942635
0.942486
0.942338
0.942189
0.942041
0.941892
0.941744
0.941596
0.941447
0.941299
0.941150
0.941002
0.940853
0.940705
0.940557
0.940408
0.940260
0.940111
0.939963
0.939814
0.939666
0.939518
0.939369
0.939221
0.939072
0.938924
0.938776
0.938627
0.938479
0.938330
0.938182
0.938033
0.937885
0.937737
0.937588
0.937440
0.937291
0.937143
0.936994
0.936846
0.936698
0.936549
0.936401
0.936252
0.936104
0.935955
0.935807
0.935659
0.935510
0.935362
0.935213
0.935065
0.934917
0.934768
0.934620
0.934471
0.934323
0.934174
0.934026
0.933878
0.933729
0.933581
0.933432
0.933284
0.933135
0.932987
0.932839
0.932690
0.932542
0.932393
0.932245
0.932096
0.931948
0.931800
0.931651
0.931503
0.931354
0.931206
0.931058
0.930909
0.930761
0.930612
0.930464
0.930315
0.930167
0.930019
0.929870
0.929722
0.929573
0.929425
0.929276
0.929128
0.928980
0.928831
0.928683
0.928534
0.928386
0.928237
0.928089
0.927941
0.927792
0.927644
0.927495
0.927347
0.927199
0.927050
0.926902
0.926753
0.926605
0.926456
0.926308
0.926160
0.926011
0.925863
0.925714
0.925566
0.925417
0.925269
0.925121
0.924972
0.924824
0.924675
0.924527
0.924378
0.924230
0.924082
0.923933
0.923785
0.923636
0.923488
0.923340
0.923191
0.923043
0.922894
0.922746
0.922597
0.922449
0.922301
0.922152
0.922004
0.921855
0.921707
0.921558
0.921410
0.921262
0.921113
0.920965
0.920816
0.920668
0.920519
0.920371
0.920223
0.920074
0.919926
0.919777
0.919629
0.919481
0.919332
0.919184
0.919035
0.918887
0.918738
0.918590
0.918442
0.918293
0.918145
0.917996
0.917848
0.917699
0.917551
0.917403
0.917254
0.917106
0.916957
0.916809
0.916660
0.916512
0.916364
0.916215
0.916067
0.915918
0.915770
0.915622
0.915473
0.915325
0.915176
0.915028
0.914879
0.914731
0.914583
0.914434
0.914286
0.914137
0.913989
0.913840
0.913692
0.913544
0.913395
0.913247
0.913098
0.912950
0.912801
0.912653
0.912505
0.912356
0.912208
0.912059
0.911911
0.911763
0.911614
0.911466
0.911317
0.911169
0.911020
0.910872
0.910724
0.910575
0.910427
0.910278
0.910130
0.909981
0.909833
0.909685
0.909536
0.909388
0.909239
0.909091
0.908942
0.908794
0.908646
0.908497
0.908349
0.908200
0.908052
0.907904
0.907755
0.907607
0.907458
0.907310
0.907161
0.907013
0.906865
0.906716
0.906568
0.906419
0.906271
0.906122
0.905974
0.905826
0.905677
0.905529
0.905380
0.905232
0.905083
0.904935
0.904787
0.904638
0.904490
0.904341
0.904193
0.904045
0.903896
0.903748
0.903599
0.903451
0.903302
0.903154
0.903006
0.902857
0.902709
0.902560
0.902412
0.902263
0.902115
0.901967
0.901818
0.901670
0.901521
0.901373
0.901224
0.901076
0.900928
0.900779
0.900631
0.900482
0.900334
0.900186
0.900037
0.899889
0.899740
0.899592
0.899443
0.899295
0.899147
0.898998
0.898850
0.898701
0.898553
0.898404
0.898256
0.898108
0.897959
0.897811
0.897662
0.897514
0.897365
0.897217
0.897069
0.896920
0.896772
0.896623
0.896475
0.896327
0.896178
0.896030
0.895881
0.895733
0.895584
0.895436
0.895288
0.895139
0.894991
0.894842
0.894694
0.894545
0.894397
0.894249
0.894100
0.893952
0.893803
0.893655
0.893506
0.893358
0.893210
0.893061
0.892913
0.892764
0.892616
0.892468
0.892319
0.892171
0.892022
0.891874
0.891725
0.891577
0.891429
0.891280
0.891132
0.890983
0.890835
0.890686
0.890538
0.890390
0.890241
0.890093
0.889944
0.889796
0.889647
0.889499
0.889351
0.889202
0.889054
0.888905
0.888757
0.888609
0.888460
0.888312
0.888163
0.888015
0.887866
0.887718
0.887570
0.887421
0.887273
0.887124
0.886976
0.886827
0.886679
0.886531
0.886382
0.886234
0.886085
0.885937
0.885788
0.885640
0.885492
0.885343
0.885195
0.885046
0.884898
0.884750
0.884601
0.884453
0.884304
0.884156
0.884007
0.883859
0.883711
0.883562
0.883414
0.883265
0.883117
0.882968
0.882820
0.882672
0.882523
0.882375
0.882226
0.882078
0.881929
0.881781
0.881633
0.881484
0.881336
0.881187
0.881039
0.880891
0.880742
0.880594
0.880445
0.880297
0.880148
0.880000
0.880000
0.879749
0.879498
0.879247
0.878996
0.878745
0.878494
0.878243
0.877992
0.877741
0.877490
0.877238
0.876987
0.876736
0.876485
0.876234
0.875983
0.875732
0.875481
0.875230
0.874979
0.874728
0.874477
0.874226
0.873975
0.873724
0.873473
0.873222
0.872971
0.872720
0.872469
0.872218
0.871967
0.871715
0.871464
0.871213
0.870962
0.870711
0.870460
0.870209
0.869958
0.869707
0.869456
0.869205
0.868954
0.868703
0.868452
0.868201
0.867950
0.867699
0.867448
0.867197
0.866946
0.866695
0.866444
0.866192
0.865941
0.865690
0.865439
0.865188
0.864937
0.864686
0.864435
0.864184
0.863933
0.863682
0.863431
0.863180
0.862929
0.862678
0.862427
0.862176
0.861925
0.861674
0.861423
0.861172
0.860921
0.860669
0.860418
0.860167
0.859916
0.859665
0.859414
0.859163
0.858912
0.858661
0.858410
0.858159
0.857908
0.857657
0.857406
0.857155
0.856904
0.856653
0.856402
0.856151
0.855900
0.855649
0.855397
0.855146
0.854895
0.854644
0.854393
0.854142
0.853891
0.853640
0.853389
0.853138
0.852887
0.852636
0.852385
0.852134
0.851883
0.851632
0.851381
0.851130
0.850879
0.850628
0.850377
0.850126
0.849874
0.849623
0.849372
0.849121
0.848870
0.848619
0.848368
0.848117
0.847866
0.847615
0.847364
0.847113
0.846862
0.846611
0.846360
0.846109
0.845858
0.845607
0.845356
0.845105
0.844854
0.844603
0.844351
0.844100
0.843849
0.843598
0.843347
0.843096
0.842845
0.842594
0.842343
0.842092
0.841841
0.841590
0.841339
0.841088
0.840837
0.840586
0.840335
0.840084
0.839833
0.839582
0.839331
0.839079
0.838828
0.838577
0.838326
0.838075
0.837824
0.837573
0.837322
0.837071
0.836820
0.836569
0.836318
0.836067
0.835816
0.835565
0.835314
0.835063
0.834812
0.834561
0.834310
0.834059
0.833808
0.833556
0.833305
0.833054
0.832803
0.832552
0.832301
0.832050
0.831799
0.831548
0.831297
0.831046
0.830795
0.830544
0.830293
0.830042
0.829791
0.829540
0.829289
0.829038
0.828787
0.828536
0.828285
0.828033
0.827782
0.827531
0.827280
0.827029
0.826778
0.826527
0.826276
0.826025
0.825774
0.825523
0.825272
0.825021
0.824770
0.824519
0.824268
0.824017
0.823766
0.823515
0.823264
0.823013
0.822762
0.822510
0.822259
0.822008
0.821757
0.821506
0.821255
0.821004
0.820753
0.820502
0.820251
0.820000
0.820000
0.819888
0.819775
0.819663
0.819551
0.819438
0.819326
0.819213
0.819101
0.818989
0.818876
0.818764
0.818652
0.818539
0.818427
0.818315
0.818202
0.818090
0.817978
0.817865
0.817753
0.817640
0.817528
0.817416
0.817303
0.817191
0.817079
0.816966
0.816854
0.816742
0.816629
0.816517
0.816404
0.816292
0.816180
0.816067
0.815955
0.815843
0.815730
0.815618
0.815506
0.815393
0.815281
0.815169
0.815056
0.814944
0.814831
0.814719
0.814607
0.814494
0.814382
0.814270
0.814157
0.814045
0.813933
0.813820
0.813708
0.813596
0.813483
0.813371
0.813258
0.813146
0.813034
0.812921
0.812809
0.812697
0.812584
0.812472
0.812360
0.812247
0.812135
0.812022
0.811910
0.811798
0.811685
0.811573
0.811461
0.811348
0.811236
0.811124
0.811011
0.810899
0.810787
0.810674
0.810562
0.810449
0.810337
0.810225
0.810112
0.810000
0.809888
0.809775
0.809663
0.809551
0.809438
0.809326
0.809213
0.809101
0.808989
0.808876
0.808764
0.808652
0.808539
0.808427
0.808315
0.808202
0.808090
0.807978
0.807865
0.807753
0.807640
0.807528
0.807416
0.807303
0.807191
0.807079
0.806966
0.806854
0.806742
0.806629
0.806517
0.806404
0.806292
0.806180
0.806067
0.805955
0.805843
0.805730
0.805618
0.805506
0.805393
0.805281
0.805169
0.805056
0.804944
0.804831
0.804719
0.804607
0.804494
0.804382
0.804270
0.804157
0.804045
0.803933
0.803820
0.803708
0.803596
0.803483
0.803371
0.803258
0.803146
0.803034
0.802921
0.802809
0.802697
0.802584
0.802472
0.802360
0.802247
0.802135
0.802022
0.801910
0.801798
0.801685
0.801573
0.801461
0.801348
0.801236
0.801124
0.801011
0.800899
0.800787
0.800674
0.800562
0.800449
0.800337
0.800225
0.800112
0.800000
