0.550000
0.550365
0.550730
0.551095
0.551460
0.551825
0.552190
0.552555
0.552920
0.553285
0.553650
0.554015
0.554380
0.554745
0.555109
0.555474
0.555839
0.556204
0.556569
0.556934
0.557299
0.557664
0.558029
0.558394
0.558759
0.559124
0.559489
0.559854
0.560219
0.560584
0.560949
0.561314
0.561679
0.562044
0.562409
0.562774
0.563139
0.563504
0.563869
0.564234
0.564599
0.564964
0.565328
0.565693
0.566058
0.566423
0.566788
0.567153
0.567518
0.567883
0.568248
0.568613
0.568978
0.569343
0.569708
0.570073
0.570438
0.570803
0.571168
0.571533
0.571898
0.572263
0.572628
0.572993
0.573358
0.573723
0.574088
0.574453
0.574818
0.575182
0.575547
0.575912
0.576277
0.576642
0.577007
0.577372
0.577737
0.578102
0.578467
0.578832
0.579197
0.579562
0.579927
0.580292
0.580657
0.581022
0.581387
0.581752
0.582117
0.582482
0.582847
0.583212
0.583577
0.583942
0.584307
0.584672
0.585036
0.585401
0.585766
0.586131
0.586496
0.586861
0.587226
0.587591
0.587956
0.588321
0.588686
0.589051
0.589416
0.589781
0.590146
0.590511
0.590876
0.591241
0.591606
0.591971
0.592336
0.592701
0.593066
0.593431
0.593796
0.594161
0.594526
0.594891
0.595255
0.595620
0.595985
0.596350
0.596715
0.597080
0.597445
0.597810
0.598175
0.598540
0.598905
0.599270
0.599635
0.600000
0.600365
0.600730
0.601095
0.601460
0.601825
0.602190
0.602555
0.602920
0.603285
0.603650
0.604015
0.604380
0.604745
0.605109
0.605474
0.605839
0.606204
0.606569
0.606934
0.607299
0.607664
0.608029
0.608394
0.608759
0.609124
0.609489
0.609854
0.610219
0.610584
0.610949
0.611314
0.611679
0.612044
0.612409
0.612774
0.613139
0.613504
0.613869
0.614234
0.614599
0.614964
0.615328
0.615693
0.616058
0.616423
0.616788
0.617153
0.617518
0.617883
0.618248
0.618613
0.618978
0.619343
0.619708
0.620073
0.620438
0.620803
0.621168
0.621533
0.621898
0.622263
0.622628
0.622993
0.623358
0.623723
0.624088
0.624453
0.624818
0.625182
0.625547
0.625912
0.626277
0.626642
0.627007
0.627372
0.627737
0.628102
0.628467
0.628832
0.629197
0.629562
0.629927
0.630292
0.630657
0.631022
0.631387
0.631752
0.632117
0.632482
0.632847
0.633212
0.633577
0.633942
0.634307
0.634672
0.635036
0.635401
0.635766
0.636131
0.636496
0.636861
0.637226
0.637591
0.637956
0.638321
0.638686
0.639051
0.639416
0.639781
0.640146
0.640511
0.640876
0.641241
0.641606
0.641971
0.642336
0.642701
0.643066
0.643431
0.643796
0.644161
0.644526
0.644891
0.645255
0.645620
0.645985
0.646350
0.646715
0.647080
0.647445
0.647810
0.648175
0.648540
0.648905
0.649270
0.649635
0.650000
0.650000
0.651716
0.653431
0.655147
0.656863
0.658578
0.660294
0.662010
0.663725
0.665441
0.667157
0.668873
0.670588
0.672304
0.674020
0.675735
0.677451
0.679167
0.680882
0.682598
0.684314
0.686029
0.687745
0.689461
0.691176
0.692892
0.694608
0.696324
0.698039
0.699755
0.701471
0.703186
0.704902
0.706618
0.708333
0.710049
0.711765
0.713480
0.715196
0.716912
0.718627
0.720343
0.722059
0.723775
0.725490
0.727206
0.728922
0.730637
0.732353
0.734069
0.735784
0.737500
0.739216
0.740931
0.742647
0.744363
0.746078
0.747794
0.749510
0.751225
0.752941
0.754657
0.756373
0.758088
0.759804
0.761520
0.763235
0.764951
0.766667
0.768382
0.770098
0.771814
0.773529
0.775245
0.776961
0.778676
0.780392
0.782108
0.783824
0.785539
0.787255
0.788971
0.790686
0.792402
0.794118
0.795833
0.797549
0.799265
0.800980
0.802696
0.804412
0.806127
0.807843
0.809559
0.811275
0.812990
0.814706
0.816422
0.818137
0.819853
0.821569
0.823284
0.825000
0.826716
0.828431
0.830147
0.831863
0.833578
0.835294
0.837010
0.838725
0.840441
0.842157
0.843873
0.845588
0.847304
0.849020
0.850735
0.852451
0.854167
0.855882
0.857598
0.859314
0.861029
0.862745
0.864461
0.866176
0.867892
0.869608
0.871324
0.873039
0.874755
0.876471
0.878186
0.879902
0.881618
0.883333
0.885049
0.886765
0.888480
0.890196
0.891912
0.893627
0.895343
0.897059
0.898775
0.900490
0.902206
0.903922
0.905637
0.907353
0.909069
0.910784
0.912500
0.914216
0.915931
0.917647
0.919363
0.921078
0.922794
0.924510
0.926225
0.927941
0.929657
0.931373
0.933088
0.934804
0.936520
0.938235
0.939951
0.941667
0.943382
0.945098
0.946814
0.948529
0.950245
0.951961
0.953676
0.955392
0.957108
0.958824
0.960539
0.962255
0.963971
0.965686
0.967402
0.969118
0.970833
0.972549
0.974265
0.975980
0.977696
0.979412
0.981127
0.982843
0.984559
0.986275
0.987990
0.989706
0.991422
0.993137
0.994853
0.996569
0.998284
1.000000
1.000000
0.999610
0.999221
0.998831
0.998442
0.998052
0.997662
0.997273
0.996883
0.996494
0.996104
0.995714
0.995325
0.994935
0.994545
0.994156
0.993766
0.993377
0.992987
0.992597
0.992208
0.991818
0.991429
0.991039
0.990649
0.990260
0.989870
0.989481
0.989091
0.988701
0.988312
0.987922
0.987532
0.987143
0.986753
0.986364
0.985974
0.985584
0.985195
0.984805
0.984416
0.984026
0.983636
0.983247
0.982857
0.982468
0.982078
0.981688
0.981299
0.980909
0.980519
0.980130
0.979740
0.979351
0.978961
0.978571
0.978182
0.977792
0.977403
0.977013
0.976623
0.976234
0.975844
0.975455
0.975065
0.974675
0.974286
0.973896
0.973506
0.973117
0.972727
0.972338
0.971948
0.971558
0.971169
0.970779
0.970390
0.970000
0.969610
0.969221
0.968831
0.968442
0.968052
0.967662
0.967273
0.966883
0.966494
0.966104
0.965714
0.965325
0.964935
0.964545
0.964156
0.963766
0.963377
0.962987
0.962597
0.962208
0.961818
0.961429
0.961039
0.960649
0.960260
0.959870
0.959481
0.959091
0.958701
0.958312
0.957922
0.957532
0.957143
0.956753
0.956364
0.955974
0.955584
0.955195
0.954805
0.954416
0.954026
0.953636
0.953247
0.952857
0.952468
0.952078
0.951688
0.951299
0.950909
0.950519
0.950130
0.949740
0.949351
0.948961
0.948571
0.948182
0.947792
0.947403
0.947013
0.946623
0.946234
0.945844
0.945455
0.945065
0.944675
0.944286
0.943896
0.943506
0.943117
0.942727
0.942338
0.941948
0.941558
0.941169
0.940779
0.940390
0.940000
0.939610
0.939221
0.938831
0.938442
0.938052
0.937662
0.937273
0.936883
0.936494
0.936104
0.935714
0.935325
0.934935
0.934545
0.934156
0.933766
0.933377
0.932987
0.932597
0.932208
0.931818
0.931429
0.931039
0.930649
0.930260
0.929870
0.929481
0.929091
0.928701
0.928312
0.927922
0.927532
0.927143
0.926753
0.926364
0.925974
0.925584
0.925195
0.924805
0.924416
0.924026
0.923636
0.923247
0.922857
0.922468
0.922078
0.921688
0.921299
0.920909
0.920519
0.920130
0.919740
0.919351
0.918961
0.918571
0.918182
0.917792
0.917403
0.917013
0.916623
0.916234
0.915844
0.915455
0.915065
0.914675
0.914286
0.913896
0.913506
0.913117
0.912727
0.912338
0.911948
0.911558
0.911169
0.910779
0.910390
0.910000
0.909610
0.909221
0.908831
0.908442
0.908052
0.907662
0.907273
0.906883
0.906494
0.906104
0.905714
0.905325
0.904935
0.904545
0.904156
0.903766
0.903377
0.902987
0.902597
0.902208
0.901818
0.901429
0.901039
0.900649
0.900260
0.899870
0.899481
0.899091
0.898701
0.898312
0.897922
0.897532
0.897143
0.896753
0.896364
0.895974
0.895584
0.895195
0.894805
0.894416
0.894026
0.893636
0.893247
0.892857
0.892468
0.892078
0.891688
0.891299
0.890909
0.890519
0.890130
0.889740
0.889351
0.888961
0.888571
0.888182
0.887792
0.887403
0.887013
0.886623
0.886234
0.885844
0.885455
0.885065
0.884675
0.884286
0.883896
0.883506
0.883117
0.882727
0.882338
0.881948
0.881558
0.881169
0.880779
0.880390
0.880000
0.879610
0.879221
0.878831
0.878442
0.878052
0.877662
0.877273
0.876883
0.876494
0.876104
0.875714
0.875325
0.874935
0.874545
0.874156
0.873766
0.873377
0.872987
0.872597
0.872208
0.871818
0.871429
0.871039
0.870649
0.870260
0.869870
0.869481
0.869091
0.868701
0.868312
0.867922
0.867532
0.867143
0.866753
0.866364
0.865974
0.865584
0.865195
0.864805
0.864416
0.864026
0.863636
0.863247
0.862857
0.862468
0.862078
0.861688
0.861299
0.860909
0.860519
0.860130
0.859740
0.859351
0.858961
0.858571
0.858182
0.857792
0.857403
0.857013
0.856623
0.856234
0.855844
0.855455
0.855065
0.854675
0.854286
0.853896
0.853506
0.853117
0.852727
0.852338
0.851948
0.851558
0.851169
0.850779
0.850390
0.850000
0.849610
0.849221
0.848831
0.848442
0.848052
0.847662
0.847273
0.846883
0.846494
0.846104
0.845714
0.845325
0.844935
0.844545
0.844156
0.843766
0.843377
0.842987
0.842597
0.842208
0.841818
0.841429
0.841039
0.840649
0.840260
0.839870
0.839481
0.839091
0.838701
0.838312
0.837922
0.837532
0.837143
0.836753
0.836364
0.835974
0.835584
0.835195
0.834805
0.834416
0.834026
0.833636
0.833247
0.832857
0.832468
0.832078
0.831688
0.831299
0.830909
0.830519
0.830130
0.829740
0.829351
0.828961
0.828571
0.828182
0.827792
0.827403
0.827013
0.826623
0.826234
0.825844
0.825455
0.825065
0.824675
0.824286
0.823896
0.823506
0.823117
0.822727
0.822338
0.821948
0.821558
0.821169
0.820779
0.820390
0.820000
0.819610
0.819221
0.818831
0.818442
0.818052
0.817662
0.817273
0.816883
0.816494
0.816104
0.815714
0.815325
0.814935
0.814545
0.814156
0.813766
0.813377
0.812987
0.812597
0.812208
0.811818
0.811429
0.811039
0.810649
0.810260
0.809870
0.809481
0.809091
0.808701
0.808312
0.807922
0.807532
0.807143
0.806753
0.806364
0.805974
0.805584
0.805195
0.804805
0.804416
0.804026
0.803636
0.803247
0.802857
0.802468
0.802078
0.801688
0.801299
0.800909
0.800519
0.800130
0.799740
0.799351
0.798961
0.798571
0.798182
0.797792
0.797403
0.797013
0.796623
0.796234
0.795844
0.795455
0.795065
0.794675
0.794286
0.793896
0.793506
0.793117
0.792727
0.792338
0.791948
0.791558
0.791169
0.790779
0.790390
0.790000
0.790000
0.789498
0.788996
0.788494
0.787992
0.787490
0.786987
0.786485
0.785983
0.785481
0.784979
0.784477
0.783975
0.783473
0.782971
0.782469
0.781967
0.781464
0.780962
0.780460
0.779958
0.779456
0.778954
0.778452
0.777950
0.777448
0.776946
0.776444
0.775941
0.775439
0.774937
0.774435
0.773933
0.773431
0.772929
0.772427
0.771925
0.771423
0.770921
0.770418
0.769916
0.769414
0.768912
0.768410
0.767908
0.767406
0.766904
0.766402
0.765900
0.765397
0.764895
0.764393
0.763891
0.763389
0.762887
0.762385
0.761883
0.761381
0.760879
0.760377
0.759874
0.759372
0.758870
0.758368
0.757866
0.757364
0.756862
0.756360
0.755858
0.755356
0.754854
0.754351
0.753849
0.753347
0.752845
0.752343
0.751841
0.751339
0.750837
0.750335
0.749833
0.749331
0.748828
0.748326
0.747824
0.747322
0.746820
0.746318
0.745816
0.745314
0.744812
0.744310
0.743808
0.743305
0.742803
0.742301
0.741799
0.741297
0.740795
0.740293
0.739791
0.739289
0.738787
0.738285
0.737782
0.737280
0.736778
0.736276
0.735774
0.735272
0.734770
0.734268
0.733766
0.733264
0.732762
0.732259
0.731757
0.731255
0.730753
0.730251
0.729749
0.729247
0.728745
0.728243
0.727741
0.727238
0.726736
0.726234
0.725732
0.725230
0.724728
0.724226
0.723724
0.723222
0.722720
0.722218
0.721715
0.721213
0.720711
0.720209
0.719707
0.719205
0.718703
0.718201
0.717699
0.717197
0.716695
0.716192
0.715690
0.715188
0.714686
0.714184
0.713682
0.713180
0.712678
0.712176
0.711674
0.711172
0.710669
0.710167
0.709665
0.709163
0.708661
0.708159
0.707657
0.707155
0.706653
0.706151
0.705649
0.705146
0.704644
0.704142
0.703640
0.703138
0.702636
0.702134
0.701632
0.701130
0.700628
0.700126
0.699623
0.699121
0.698619
0.698117
0.697615
0.697113
0.696611
0.696109
0.695607
0.695105
0.694603
0.694100
0.693598
0.693096
0.692594
0.692092
0.691590
0.691088
0.690586
0.690084
0.689582
0.689079
0.688577
0.688075
0.687573
0.687071
0.686569
0.686067
0.685565
0.685063
0.684561
0.684059
0.683556
0.683054
0.682552
0.682050
0.681548
0.681046
0.680544
0.680042
0.679540
0.679038
0.678536
0.678033
0.677531
0.677029
0.676527
0.676025
0.675523
0.675021
0.674519
0.674017
0.673515
0.673013
0.672510
0.672008
0.671506
0.671004
0.670502
0.670000
0.670000
0.669326
0.668652
0.667978
0.667303
0.666629
0.665955
0.665281
0.664607
0.663933
0.663258
0.662584
0.661910
0.661236
0.660562
0.659888
0.659213
0.658539
0.657865
0.657191
0.656517
0.655843
0.655169
0.654494
0.653820
0.653146
0.652472
0.651798
0.651124
0.650449
0.649775
0.649101
0.648427
0.647753
0.647079
0.646404
0.645730
0.645056
0.644382
0.643708
0.643034
0.642360
0.641685
0.641011
0.640337
0.639663
0.638989
0.638315
0.637640
0.636966
0.636292
0.635618
0.634944
0.634270
0.633596
0.632921
0.632247
0.631573
0.630899
0.630225
0.629551
0.628876
0.628202
0.627528
0.626854
0.626180
0.625506
0.624831
0.624157
0.623483
0.622809
0.622135
0.621461
0.620787
0.620112
0.619438
0.618764
0.618090
0.617416
0.616742
0.616067
0.615393
0.614719
0.614045
0.613371
0.612697
0.612022
0.611348
0.610674
0.610000
0.609326
0.608652
0.607978
0.607303
0.606629
0.605955
0.605281
0.604607
0.603933
0.603258
0.602584
0.601910
0.601236
0.600562
0.599888
0.599213
0.598539
0.597865
0.597191
0.596517
0.595843
0.595169
0.594494
0.593820
0.593146
0.592472
0.591798
0.591124
0.590449
0.589775
0.589101
0.588427
0.587753
0.587079
0.586404
0.585730
0.585056
0.584382
0.583708
0.583034
0.582360
0.581685
0.581011
0.580337
0.579663
0.578989
0.578315
0.577640
0.576966
0.576292
0.575618
0.574944
0.574270
0.573596
0.572921
0.572247
0.571573
0.570899
0.570225
0.569551
0.568876
0.568202
0.567528
0.566854
0.566180
0.565506
0.564831
0.564157
0.563483
0.562809
0.562135
0.561461
0.560787
0.560112
0.559438
0.558764
0.558090
0.557416
0.556742
0.556067
0.555393
0.554719
0.554045
0.553371
0.552697
0.552022
0.551348
0.550674
0.550000
